Model: ENF_Unim_PA
Rule export (fallback): centers/sigmas/support (if available)

Rule 1:
  center: [0.30293025 0.86400994 0.73056512 0.80858058 0.4684525  0.74724294
 0.26059011 0.24764593 0.86161278 0.2807471  0.33405012 0.33202369
 0.64719177 0.41055989 0.60332558 0.53229883 0.4857874  0.56314274
 0.53673913 0.61076089 0.60465009 0.41804771 0.5522011  0.65593976
 0.47326181 0.57095661 0.29813776 0.58467228 0.41358462 0.00714981]
  sigma: 0.3177495728237957
  support: 789

Rule 2:
  center: [0.24285939 0.85240719 0.73181682 0.80111802 0.40417991 0.74963466
 0.25625076 0.24935104 0.85644508 0.25265186 0.33134182 0.41528207
 0.66459365 0.48344914 0.61007228 0.60584033 0.50211779 0.54679263
 0.56841118 0.60003708 0.60570536 0.4197964  0.55373327 0.65976623
 0.47702023 0.54572945 0.27958141 0.58475307 0.41395349 0.00791683]
  sigma: 0.31693198118005844
  support: 693

Rule 3:
  center: [0.15716291 0.86190145 0.72997927 0.79499889 0.44513171 0.75279486
 0.25784435 0.24906    0.85463784 0.26227113 0.33370934 0.3015035
 0.66187828 0.5396518  0.58873874 0.57258023 0.51278005 0.54375407
 0.54139107 0.62635286 0.60667469 0.42042984 0.54260887 0.65559367
 0.37487475 0.59704793 0.29194609 0.58266144 0.41011115 0.00765156]
  sigma: 0.30958335907121565
  support: 454

Rule 4:
  center: [0.17197991 0.87533396 0.7315517  0.81286675 0.47561131 0.74782427
 0.25678157 0.24884305 0.86035201 0.24778594 0.34168657 0.53449366
 0.69438145 0.42739985 0.61862624 0.5343329  0.4952999  0.56194995
 0.52854331 0.58237269 0.60387608 0.41782469 0.55394757 0.65942958
 0.45142771 0.56007532 0.28115115 0.58352624 0.41302779 0.00614951]
  sigma: 0.31026181806506764
  support: 442

Rule 5:
  center: [7.37453430e-02 9.17203383e-01 7.77221872e-01 6.70427966e-01
 5.43104821e-01 7.88345149e-01 2.42894390e-01 2.62295044e-01
 8.52662103e-01 2.37705923e-01 2.98201771e-01 6.39483995e-01
 6.21933782e-01 4.58719646e-01 3.25835163e-01 6.46946986e-01
 5.92802993e-01 7.92825885e-01 7.71039254e-01 5.41466510e-01
 6.14621907e-01 4.12345613e-01 5.47417607e-01 6.47505127e-01
 4.99424948e-01 6.00628280e-01 2.03116396e-01 5.90988217e-01
 4.01571446e-01 2.45707254e-04]
  sigma: 0.2926034345648332
  support: 4
